159,4
159,3
159,2
159,1
159,0
158,3
158,2
158,1
158,0
157,4
157,3
157,2
157,1
157,0
156,4
156,3
156,2
156,1
156,0
155,4
155,3
155,2
155,1
155,0
154,6
154,5
154,4
154,3
154,2
154,1
154,0
153,6
153,5
153,4
153,3
153,2
153,1
153,0
152,6
152,5
152,4
152,3
152,2
152,1
152,0
151,4
151,3
151,2
151,1
151,0
150,3
150,2
150,1
150,0
149,3
149,2
149,1
149,0
148,4
148,3
148,2
148,1
148,0
147,4
147,3
147,2
147,1
147,0
146,4
146,3
146,2
146,1
146,0
145,4
145,3
145,2
145,1
145,0
144,4
144,3
144,2
144,1
144,0
143,4
143,3
143,2
143,1
143,0
142,4
142,3
142,2
142,1
142,0
141,3
141,2
141,1
141,0
140,4
140,3
140,2
140,1
140,0
139,3
139,2
139,1
139,0
138,3
138,2
138,1
138,0
137,5
137,4
137,3
137,2
137,1
137,0
136,3
136,2
136,1
136,0
135,4
135,3
135,2
135,1
135,0
134,3
134,2
134,1
134,0
133,4
133,3
133,2
133,1
133,0
132,3
132,2
132,1
132,0
131,4
131,3
131,2
131,1
131,0
130,4
130,3
130,2
130,1
130,0
129,4
129,3
129,2
129,1
129,0
128,6
128,5
128,4
128,3
128,2
128,1
128,0
127,6
127,5
127,4
127,3
127,2
127,1
127,0
126,6
126,5
126,4
126,3
126,2
126,1
126,0
125,4
125,3
125,2
125,1
125,0
124,3
124,2
124,1
124,0
123,3
123,2
123,1
123,0
122,4
122,3
122,2
122,1
122,0
121,4
121,3
121,2
121,1
121,0
120,4
120,3
120,2
120,1
120,0
119,4
119,3
119,2
119,1
119,0
118,4
118,3
118,2
118,1
118,0
117,4
117,3
117,2
117,1
117,0
116,4
116,3
116,2
116,1
116,0
115,3
115,2
115,1
115,0
114,4
114,3
114,2
114,1
114,0
113,3
113,2
113,1
113,0
112,3
112,2
112,1
112,0
111,5
111,4
111,3
111,2
111,1
111,0
110,3
110,2
110,1
110,0
109,4
109,3
109,2
109,1
109,0
108,3
108,2
108,1
108,0
0,310
0,305
0,308
0,307
0,302
0,304
0,303
0,12
0,10
0,8
0,0
0,416
0,415
0,300
0,414
0,413
0,299
0,559
0,547
0,298
0,546
0,412
0,297
0,545
0,411
0,296
0,558
0,410
0,295
0,557
0,525
0,294
0,556
0,409
0,293
0,493
0,407
0,292
0,492
0,406
0,291
0,544
0,405
0,290
0,543
0,524
0,289
0,523
0,491
0,288
0,490
0,404
0,287
0,489
0,403
0,286
0,542
0,402
0,285
0,522
0,400
0,284
0,521
0,399
0,283
0,488
0,401
0,282
0,398
0,397
0,281
0,487
0,396
0,280
0,395
0,394
0,279
0,393
0,392
0,278
0,391
0,390
0,277
0,389
0,388
0,276
0,555
0,520
0,275
0,486
0,387
0,274
0,485
0,386
0,273
0,484
0,385
0,272
0,483
0,482
0,271
0,541
0,384
0,270
0,540
0,383
0,269
0,539
0,382
0,268
0,481
0,381
0,267
0,538
0,480
0,266
0,565
0,554
0,265
0,479
0,380
0,264
0,478
0,379
0,263
0,477
0,378
0,262
0,476
0,475
0,261
0,537
0,377
0,260
0,566
0,376
0,259
0,474
0,375
0,258
0,536
0,374
0,257
0,519
0,473
0,256
0,518
0,472
0,255
0,535
0,373
0,254
0,471
0,372
0,253
0,470
0,371
0,252
0,517
0,469
0,251
0,468
0,370
0,250
0,467
0,369
0,249
0,516
0,368
0,248
0,553
0,367
0,247
0,564
0,534
0,246
0,515
0,466
0,245
0,465
0,366
0,244
0,533
0,365
0,242
0,464
0,364
0,241
0,463
0,363
0,240
0,514
0,462
0,239
85,0
3,1
85,3
82,0
85,5
82,1
86,3
82,3
86,1
85,4
84,2
84,3
86,2
87,0
87,2
88,0
88,1
88,3
88,4
89,1
89,2
90,0
90,2
90,3
91,0
91,1
91,3
92,0
92,1
92,3
92,4
94,1
94,3
94,4
96,1
96,2
96,4
99,0
99,2
99,4
102,0
102,2
102,3
102,5
104,0
104,1
104,3
104,4
105,1
105,2
105,4
107,1
107,2
107,4
107,3
107,0
105,3
105,0
104,2
102,6
102,4
102,1
99,3
99,1
96,3
96,0
94,2
94,0
92,2
91,4
91,2
90,4
90,1
89,3
89,0
88,2
87,3
87,1
85,2
84,1
84,0
82,2
86,0
85,1
3,3
3,0
1,3
1,1
1,0
0,494
0,408
2,1
0,322
2,3
0,243
2,0
0,9
0,461
0,362
0,238
0,460
0,361
0,237
0,532
0,360
0,236
0,513
0,359
0,235
0,531
0,512
0,234
0,511
0,459
0,233
0,458
0,358
0,232
0,457
0,357
0,231
0,509
0,356
0,230
0,510
0,355
0,229
0,508
0,354
0,228
0,507
0,353
0,227
0,552
0,456
0,226
0,455
0,352
0,225
0,454
0,351
0,224
0,551
0,350
0,223
0,506
0,349
0,222
0,505
0,453
0,221
0,530
0,452
0,220
0,451
0,348
0,219
0,503
0,347
0,218
0,504
0,346
0,217
0,529
0,345
0,216
0,450
0,344
0,215
0,502
0,343
0,214
0,500
0,342
0,213
0,499
0,341
0,212
0,501
0,340
0,211
0,498
0,339
0,210
0,448
0,338
0,209
0,447
0,337
0,208
0,449
0,336
0,207
0,446
0,445
0,206
0,444
0,335
0,205
0,443
0,334
0,204
0,442
0,333
0,203
0,441
0,332
0,202
0,440
0,439
0,201
0,561
0,496
0,200
0,497
0,331
0,199
0,438
0,330
0,198
0,437
0,329
0,197
0,495
0,328
0,196
0,528
0,435
0,195
0,560
0,434
0,194
0,436
0,327
0,193
0,433
0,326
0,192
0,432
0,325
0,63
0,431
0,324
0,62
0,430
0,323
0,61
0,429
0,321
0,60
0,428
0,427
0,59
0,550
0,320
0,58
0,426
0,319
0,57
0,425
0,318
0,56
0,527
0,317
0,55
0,563
0,526
0,54
0,562
0,424
0,53
0,549
0,316
0,52
0,548
0,315
0,51
0,422
0,314
0,50
0,421
0,313
0,49
0,423
0,312
0,48
0,420
0,311
0,47
0,419
0,309
0,46
0,418
0,306
0,45
0,417
0,301
0,6
0,5
0,1
0,11
0,4
0,2
0,3
0,7
