523,4
523,3
523,2
523,1
523,0
522,3
522,2
522,1
522,0
521,4
521,3
521,2
521,1
521,0
520,4
520,3
520,2
520,1
520,0
519,4
519,3
519,2
519,1
519,0
518,6
518,5
518,4
518,3
518,2
518,1
518,0
517,6
517,5
517,4
517,3
517,2
517,1
517,0
516,6
516,5
516,4
516,3
516,2
516,1
516,0
515,4
515,3
515,2
515,1
515,0
514,3
514,2
514,1
514,0
513,3
513,2
513,1
513,0
512,4
512,3
512,2
512,1
512,0
511,4
511,3
511,2
511,1
511,0
510,4
510,3
510,2
510,1
510,0
509,4
509,3
509,2
509,1
509,0
508,4
508,3
508,2
508,1
508,0
507,4
507,3
507,2
507,1
507,0
506,4
506,3
506,2
506,1
506,0
505,3
505,2
505,1
505,0
504,4
504,3
504,2
504,1
504,0
503,3
503,2
503,1
503,0
502,3
502,2
502,1
502,0
501,5
501,4
501,3
501,2
501,1
501,0
500,3
500,2
500,1
500,0
499,4
499,3
499,2
499,1
499,0
498,3
498,2
498,1
498,0
497,4
497,3
497,2
497,1
497,0
496,3
496,2
496,1
496,0
495,4
495,3
495,2
495,1
495,0
494,4
494,3
494,2
494,1
494,0
493,4
493,3
493,2
493,1
493,0
492,6
492,5
492,4
492,3
492,2
492,1
492,0
491,6
491,5
491,4
491,3
491,2
491,1
491,0
490,6
490,5
490,4
490,3
490,2
490,1
490,0
489,4
489,3
489,2
489,1
489,0
488,3
488,2
488,1
488,0
487,3
487,2
487,1
487,0
486,4
486,3
486,2
486,1
486,0
485,4
485,3
485,2
485,1
485,0
484,4
484,3
484,2
484,1
484,0
483,4
483,3
483,2
483,1
483,0
482,4
482,3
482,2
482,1
482,0
481,4
481,3
481,2
481,1
481,0
480,4
480,3
480,2
480,1
480,0
479,3
479,2
479,1
479,0
478,4
478,3
478,2
478,1
478,0
477,3
477,2
477,1
477,0
476,3
476,2
476,1
476,0
475,5
475,4
475,3
475,2
475,1
475,0
474,3
474,2
474,1
474,0
473,4
473,3
473,2
473,1
473,0
472,3
472,2
472,1
472,0
471,4
471,3
471,2
471,1
471,0
470,3
470,2
470,1
470,0
469,4
469,3
469,2
469,1
469,0
468,4
468,3
468,2
468,1
468,0
467,4
467,3
467,2
467,1
467,0
466,6
466,5
466,4
466,3
466,2
466,1
466,0
465,6
465,5
465,4
465,3
465,2
465,1
465,0
464,6
464,5
464,4
464,3
464,2
464,1
464,0
463,4
463,3
463,2
463,1
463,0
462,3
462,2
462,1
462,0
461,3
461,2
461,1
461,0
460,4
460,3
460,2
460,1
460,0
459,4
459,3
459,2
459,1
459,0
458,4
458,3
458,2
458,1
458,0
457,4
457,3
457,2
457,1
457,0
456,4
456,3
456,2
456,1
456,0
455,4
455,3
455,2
455,1
455,0
454,4
454,3
454,2
454,1
454,0
453,3
453,2
453,1
453,0
452,4
452,3
452,2
452,1
452,0
451,3
451,2
451,1
451,0
450,3
450,2
450,1
450,0
449,5
449,4
449,3
449,2
449,1
449,0
448,3
448,2
448,1
448,0
447,4
447,3
447,2
447,1
447,0
446,3
446,2
446,1
446,0
445,4
445,3
445,2
445,1
445,0
444,3
444,2
444,1
444,0
443,4
443,3
443,2
443,1
443,0
442,4
442,3
442,2
442,1
442,0
441,4
441,3
441,2
441,1
441,0
440,6
440,5
440,4
440,3
440,2
440,1
440,0
439,6
439,5
439,4
439,3
439,2
439,1
439,0
438,6
438,5
438,4
438,3
438,2
438,1
438,0
437,4
437,3
437,2
437,1
437,0
436,3
436,2
436,1
436,0
435,3
435,2
435,1
435,0
434,4
434,3
434,2
434,1
434,0
433,4
433,3
433,2
433,1
433,0
432,4
432,3
432,2
432,1
432,0
431,4
431,3
431,2
431,1
431,0
430,4
430,3
430,2
430,1
430,0
429,4
429,3
429,2
429,1
429,0
428,4
428,3
428,2
428,1
428,0
427,3
427,2
427,1
427,0
426,4
426,3
426,2
426,1
426,0
425,3
425,2
425,1
425,0
424,3
424,2
424,1
424,0
423,5
423,4
423,3
423,2
423,1
423,0
422,3
422,2
422,1
422,0
421,4
421,3
421,2
421,1
421,0
420,3
420,2
420,1
420,0
419,4
419,3
419,2
419,1
419,0
418,3
418,2
418,1
418,0
417,4
417,3
417,2
417,1
417,0
416,4
416,3
416,2
416,1
416,0
415,4
415,3
415,2
415,1
415,0
414,6
414,5
414,4
414,3
414,2
414,1
414,0
413,6
413,5
413,4
413,3
413,2
413,1
413,0
412,6
412,5
412,4
412,3
412,2
412,1
412,0
411,4
411,3
411,2
411,1
411,0
410,3
410,2
410,1
410,0
409,3
409,2
409,1
409,0
408,4
408,3
408,2
408,1
408,0
407,4
407,3
407,2
407,1
407,0
406,4
406,3
406,2
406,1
406,0
405,4
405,3
405,2
405,1
405,0
404,4
404,3
404,2
404,1
404,0
403,4
403,3
403,2
403,1
403,0
402,4
402,3
402,2
402,1
402,0
401,3
401,2
401,1
401,0
400,4
400,3
400,2
400,1
400,0
399,3
399,2
399,1
399,0
398,3
398,2
398,1
398,0
397,5
397,4
397,3
397,2
397,1
397,0
396,3
396,2
396,1
396,0
395,4
395,3
395,2
395,1
395,0
394,3
394,2
394,1
394,0
393,4
393,3
393,2
393,1
393,0
392,3
392,2
392,1
392,0
391,4
391,3
391,2
391,1
391,0
390,4
390,3
390,2
390,1
390,0
389,4
389,3
389,2
389,1
389,0
388,6
388,5
388,4
388,3
388,2
388,1
388,0
387,6
387,5
387,4
387,3
387,2
387,1
387,0
386,6
386,5
386,4
386,3
386,2
386,1
386,0
385,4
385,3
385,2
385,1
385,0
384,3
384,2
384,1
384,0
383,3
383,2
383,1
383,0
382,4
382,3
382,2
382,1
382,0
381,4
381,3
381,2
381,1
381,0
380,4
380,3
380,2
380,1
380,0
379,4
379,3
379,2
379,1
379,0
378,4
378,3
378,2
378,1
378,0
377,4
377,3
377,2
377,1
377,0
376,4
376,3
376,2
376,1
376,0
375,3
375,2
375,1
375,0
374,4
374,3
374,2
374,1
374,0
373,3
373,2
373,1
373,0
372,3
372,2
372,1
372,0
371,5
371,4
371,3
371,2
371,1
371,0
370,3
370,2
370,1
370,0
369,4
369,3
369,2
369,1
369,0
368,3
368,2
368,1
368,0
367,4
367,3
367,2
367,1
367,0
366,3
366,2
366,1
366,0
365,4
365,3
365,2
365,1
365,0
364,4
364,3
364,2
364,1
364,0
363,4
363,3
363,2
363,1
363,0
362,6
362,5
362,4
362,3
362,2
362,1
362,0
361,6
361,5
361,4
361,3
361,2
361,1
361,0
360,6
360,5
360,4
360,3
360,2
360,1
360,0
359,4
359,3
359,2
359,1
359,0
358,3
358,2
358,1
358,0
357,3
357,2
357,1
357,0
356,4
356,3
356,2
356,1
356,0
355,4
355,3
355,2
355,1
355,0
354,4
354,3
354,2
354,1
354,0
353,4
353,3
353,2
353,1
353,0
352,4
352,3
352,2
352,1
352,0
351,4
351,3
351,2
351,1
351,0
350,4
350,3
350,2
350,1
350,0
349,3
349,2
349,1
349,0
348,4
348,3
348,2
348,1
348,0
347,3
347,2
347,1
347,0
346,3
346,2
346,1
346,0
345,5
345,4
345,3
345,2
345,1
345,0
344,3
344,2
344,1
344,0
343,4
343,3
343,2
343,1
343,0
342,3
342,2
342,1
342,0
0,310
0,305
0,308
0,307
0,302
0,304
0,303
0,12
0,10
0,8
0,0
0,416
0,415
0,300
0,414
0,413
0,299
0,558
0,546
0,298
0,412
0,297
0,544
0,411
0,296
0,557
0,410
0,295
0,556
0,525
0,294
0,555
0,409
0,293
0,493
0,292
0,492
0,291
0,567
0,405
0,290
0,542
0,524
0,289
0,491
0,288
0,575
0,404
0,287
0,489
0,403
0,286
0,541
0,402
0,285
0,522
0,400
0,284
0,521
0,399
0,283
0,488
0,401
0,282
0,398
0,397
0,281
0,487
0,396
0,280
0,395
0,394
0,279
0,393
0,392
0,278
0,391
0,390
0,277
0,389
0,388
0,276
0,554
0,520
0,275
0,486
0,387
0,274
0,485
0,386
0,273
0,484
0,385
0,272
0,483
0,271
0,540
0,384
0,270
0,539
0,383
0,269
0,538
0,382
0,268
0,543
0,381
0,267
0,537
0,480
0,266
0,561
0,574
0,265
0,479
0,380
0,264
0,478
0,379
0,263
0,477
0,378
0,262
0,476
0,475
0,261
0,536
0,377
0,260
0,566
0,376
0,259
0,474
0,375
0,258
0,535
0,374
0,257
0,519
0,449
0,256
0,518
0,472
0,255
0,534
0,373
0,254
0,471
0,372
0,253
0,470
0,371
0,252
0,517
0,545
0,251
0,468
0,370
0,250
0,467
0,466
0,249
0,516
0,368
0,248
0,565
0,367
0,247
0,564
0,533
0,246
0,515
0,573
0,245
0,465
0,366
0,244
0,532
0,365
0,242
0,464
0,364
0,241
0,463
0,363
0,240
0,330
0,333
1,3
0,345
2,9
319,0
319,3
0,407
0,408
0,430
0,432
0,447
0,469
320,0
0,481
320,3
0,490
0,494
0,504
0,523
2,4
2,5
2,7
3,1
3,3
134,1
134,2
136,0
136,1
136,3
137,1
137,2
137,4
137,5
138,1
138,3
139,0
139,2
139,3
140,1
140,3
140,4
141,1
141,2
142,0
142,1
142,3
143,0
143,1
143,3
143,4
144,1
144,3
144,4
146,1
146,2
146,4
148,0
148,2
148,4
151,0
151,2
151,3
154,0
154,2
154,3
154,5
154,6
156,1
156,2
156,4
157,1
157,2
157,4
159,0
159,2
159,4
316,0
316,2
316,3
318,1
318,3
319,2
321,0
321,1
321,3
322,0
322,2
322,4
323,0
323,2
323,3
324,1
324,3
324,4
325,1
325,2
325,4
326,0
326,2
326,4
328,0
328,2
328,3
330,0
330,2
330,3
333,0
333,1
333,3
333,4
336,1
336,3
336,4
336,6
338,0
338,2
338,4
339,0
339,2
339,3
341,0
341,1
341,3
341,4
341,2
339,4
339,1
338,3
338,1
336,5
336,2
336,0
333,2
330,4
330,1
328,4
328,1
326,3
326,1
325,3
325,0
324,2
324,0
323,1
322,3
322,1
321,2
320,2
318,2
318,0
316,1
159,3
159,1
157,3
157,0
156,3
156,0
154,4
154,1
151,4
151,1
148,3
148,1
146,3
146,0
144,2
144,0
143,2
142,4
142,2
141,3
141,0
140,2
140,0
139,1
138,2
138,0
137,3
137,0
136,2
134,3
134,0
3,0
2,6
2,2
0,503
320,1
0,482
0,473
319,5
319,4
319,1
0,406
0,369
1,1
2,1
1,0
2,8
2,3
0,322
2,0
0,243
0,9
0,514
0,462
0,239
0,461
0,362
0,238
0,361
0,460
0,237
0,531
0,360
0,236
0,513
0,359
0,235
0,530
0,512
0,234
0,511
0,459
0,233
0,458
0,358
0,232
0,457
0,357
0,231
0,509
0,356
0,230
0,510
0,355
0,229
0,508
0,354
0,228
0,507
0,353
0,227
0,552
0,456
0,226
0,455
0,352
0,225
0,454
0,351
0,224
0,551
0,350
0,223
0,506
0,349
0,222
0,505
0,453
0,221
0,529
0,548
0,220
0,451
0,348
0,219
0,452
0,347
0,218
0,319
0,346
0,217
0,550
0,571
0,216
0,450
0,344
0,215
0,502
0,343
0,214
0,500
0,342
0,213
0,499
0,341
0,212
0,501
0,340
0,211
0,498
0,339
0,210
0,448
0,338
0,209
0,568
0,337
0,208
0,336
0,207
0,446
0,445
0,206
0,444
0,335
0,205
0,443
0,334
0,204
0,442
0,203
0,441
0,332
0,202
0,440
0,439
0,201
0,563
0,496
0,200
0,497
0,331
0,199
0,438
0,198
0,437
0,329
0,197
0,495
0,328
0,196
0,528
0,435
0,195
0,562
0,434
0,194
0,436
0,327
0,193
0,433
0,326
0,192
0,318
0,325
0,63
0,431
0,324
0,62
0,572
0,323
0,61
0,429
0,321
0,60
0,428
0,427
0,59
0,549
0,320
0,58
0,426
0,553
0,57
0,425
0,570
0,56
0,527
0,317
0,55
0,559
0,526
0,54
0,560
0,424
0,53
0,569
0,316
0,52
0,547
0,315
0,51
0,422
0,314
0,50
0,421
0,313
0,49
0,423
0,312
0,48
0,420
0,311
0,47
0,419
0,309
0,46
0,418
0,306
0,45
0,417
0,301
0,6
0,5
0,1
0,11
0,4
0,2
0,3
0,7
