737,4
737,3
737,2
737,1
737,0
736,3
736,2
736,1
736,0
735,4
735,3
735,2
735,1
735,0
734,4
734,3
734,2
734,1
734,0
733,4
733,3
733,2
733,1
733,0
732,6
732,5
732,4
732,3
732,2
732,1
732,0
731,6
731,5
731,4
731,3
731,2
731,1
731,0
730,6
730,5
730,4
730,3
730,2
730,1
730,0
729,4
729,3
729,2
729,1
729,0
728,3
728,2
728,1
728,0
727,3
727,2
727,1
727,0
726,4
726,3
726,2
726,1
726,0
725,4
725,3
725,2
725,1
725,0
724,4
724,3
724,2
724,1
724,0
723,4
723,3
723,2
723,1
723,0
722,4
722,3
722,2
722,1
722,0
721,4
721,3
721,2
721,1
721,0
720,4
720,3
720,2
720,1
720,0
719,3
719,2
719,1
719,0
718,4
718,3
718,2
718,1
718,0
717,3
717,2
717,1
717,0
716,3
716,2
716,1
716,0
715,5
715,4
715,3
715,2
715,1
715,0
714,3
714,2
714,1
714,0
713,4
713,3
713,2
713,1
713,0
712,3
712,2
712,1
712,0
0,310
0,305
0,308
0,307
0,302
0,304
0,303
0,12
0,10
0,8
0,0
0,416
0,478
0,300
0,499
0,413
0,299
0,527
0,464
0,298
0,415
0,412
0,297
0,451
0,411
0,296
0,410
0,295
0,561
0,440
0,294
0,436
0,409
0,293
0,526
0,329
0,292
0,525
0,498
0,291
0,469
0,405
0,290
0,546
0,447
0,289
0,524
0,333
0,288
0,495
0,404
0,287
0,418
0,403
0,286
0,574
0,402
0,285
0,560
0,458
0,284
0,559
0,539
0,283
0,523
0,486
0,282
0,398
0,519
0,281
0,522
0,396
0,280
0,501
0,394
0,279
0,393
0,508
0,278
0,391
0,449
0,277
0,435
0,388
0,276
0,470
0,521
0,275
0,468
0,387
0,274
0,434
0,386
0,273
0,368
0,385
0,272
0,483
0,489
0,271
0,448
0,384
0,270
0,520
0,465
0,269
0,558
0,319
0,268
0,461
0,381
0,267
0,544
0,457
0,266
0,557
0,572
0,265
0,463
0,380
0,264
0,531
0,379
0,263
0,452
0,378
0,262
0,476
0,538
0,261
0,406
0,377
0,260
0,518
0,259
0,474
0,318
0,258
0,506
0,374
0,257
0,517
0,432
0,256
0,556
0,360
0,255
0,414
0,373
0,254
0,473
0,372
0,253
0,445
0,371
0,252
0,516
0,431
0,251
0,545
0,370
0,250
0,467
0,480
0,249
0,515
0,397
0,248
0,500
0,367
0,247
0,555
0,514
0,246
0,549
0,553
0,245
0,491
0,366
0,244
0,484
0,365
0,242
0,456
0,364
0,241
0,375
0,363
1,0
1,3
0,494
1,1
690,0
0,502
690,3
0,532
0,541
0,554
0,562
0,571
0,573
3,0
3,1
686,0
686,2
686,3
688,1
688,2
689,0
689,2
689,3
689,5
690,2
691,1
691,2
692,0
692,2
692,3
693,0
693,1
693,3
694,1
694,2
694,4
695,0
695,2
695,4
696,0
696,2
696,3
698,0
698,1
698,3
700,0
700,1
700,3
700,4
703,1
703,3
703,4
706,1
706,2
706,4
706,5
708,0
708,2
708,3
709,0
709,1
709,3
711,0
711,1
711,3
711,4
711,2
709,4
709,2
708,4
708,1
706,6
706,3
706,0
703,2
703,0
700,2
698,4
698,2
696,4
696,1
695,3
695,1
694,3
694,0
693,2
692,4
692,1
691,3
691,0
689,4
689,1
688,3
688,0
686,1
3,3
0,575
0,569
0,551
690,1
0,504
0,497
0,496
0,477
0,408
2,1
0,401
2,3
0,322
0,243
2,0
0,9
0,240
0,513
0,505
0,239
0,428
0,362
0,238
0,460
0,400
0,237
0,512
0,389
0,236
0,567
0,359
0,235
0,540
0,351
0,234
0,534
0,459
0,233
0,536
0,358
0,232
0,444
0,357
0,231
0,570
0,356
0,230
0,345
0,355
0,229
0,479
0,354
0,228
0,471
0,353
0,227
0,535
0,399
0,226
0,433
0,352
0,225
0,454
0,481
0,224
0,548
0,350
0,223
0,533
0,349
0,222
0,423
0,453
0,221
0,511
0,383
0,220
0,543
0,348
0,219
0,422
0,347
0,218
0,429
0,346
0,217
0,510
0,216
0,450
0,376
0,215
0,565
0,343
0,214
0,509
0,342
0,213
0,407
0,341
0,212
0,493
0,340
0,211
0,488
0,339
0,210
0,369
0,338
0,209
0,492
0,337
0,208
0,334
0,336
0,207
0,446
0,206
0,462
0,335
0,205
0,443
0,568
0,204
0,442
0,566
0,203
0,330
0,332
0,202
0,482
0,439
0,201
0,530
0,392
0,200
0,472
0,331
0,199
0,438
0,441
0,198
0,437
0,430
0,197
0,421
0,328
0,196
0,529
0,542
0,195
0,528
0,507
0,194
0,327
0,193
0,390
0,326
0,192
0,395
0,325
0,63
0,485
0,324
0,62
0,490
0,323
0,61
0,321
0,60
0,455
0,427
0,59
0,564
0,320
0,58
0,426
0,475
0,57
0,425
0,537
0,56
0,382
0,317
0,55
0,547
0,503
0,54
0,417
0,424
0,53
0,361
0,316
0,52
0,420
0,315
0,51
0,563
0,314
0,50
0,419
0,313
0,49
0,466
0,312
0,48
0,550
0,311
0,47
0,552
0,309
0,46
0,344
0,306
0,45
0,487
0,301
0,6
0,5
0,1
0,11
0,4
0,2
0,3
0,7
