1271,4
1271,3
1271,2
1271,1
1271,0
1270,3
1270,2
1270,1
1270,0
1269,4
1269,3
1269,2
1269,1
1269,0
1268,3
1268,2
1268,1
1268,0
1267,4
1267,3
1267,2
1267,1
1267,0
1266,4
1266,3
1266,2
1266,1
1266,0
1265,4
1265,3
1265,2
1265,1
1265,0
1264,6
1264,5
1264,4
1264,3
1264,2
1264,1
1264,0
1263,6
1263,5
1263,4
1263,3
1263,2
1263,1
1263,0
1262,6
1262,5
1262,4
1262,3
1262,2
1262,1
1262,0
1261,4
1261,3
1261,2
1261,1
1261,0
1260,3
1260,2
1260,1
1260,0
1259,3
1259,2
1259,1
1259,0
1258,4
1258,3
1258,2
1258,1
1258,0
1257,4
1257,3
1257,2
1257,1
1257,0
1256,4
1256,3
1256,2
1256,1
1256,0
1255,4
1255,3
1255,2
1255,1
1255,0
1254,4
1254,3
1254,2
1254,1
1254,0
1253,4
1253,3
1253,2
1253,1
1253,0
1252,4
1252,3
1252,2
1252,1
1252,0
1251,3
1251,2
1251,1
1251,0
1250,4
1250,3
1250,2
1250,1
1250,0
1249,3
1249,2
1249,1
1249,0
1248,3
1248,2
1248,1
1248,0
1247,5
1247,4
1247,3
1247,2
1247,1
1247,0
1246,3
1246,2
1246,1
1246,0
1245,4
1245,3
1245,2
1245,1
1245,0
1244,3
1244,2
1244,1
1244,0
1243,4
1243,3
1243,2
1243,1
1243,0
1242,3
1242,2
1242,1
1242,0
1241,4
1241,3
1241,2
1241,1
1241,0
1240,3
1240,2
1240,1
1240,0
1239,4
1239,3
1239,2
1239,1
1239,0
1238,4
1238,3
1238,2
1238,1
1238,0
1237,4
1237,3
1237,2
1237,1
1237,0
1236,6
1236,5
1236,4
1236,3
1236,2
1236,1
1236,0
1235,6
1235,5
1235,4
1235,3
1235,2
1235,1
1235,0
1234,6
1234,5
1234,4
1234,3
1234,2
1234,1
1234,0
1233,4
1233,3
1233,2
1233,1
1233,0
1232,3
1232,2
1232,1
1232,0
1231,3
1231,2
1231,1
1231,0
1230,4
1230,3
1230,2
1230,1
1230,0
1229,4
1229,3
1229,2
1229,1
1229,0
1228,4
1228,3
1228,2
1228,1
1228,0
1227,4
1227,3
1227,2
1227,1
1227,0
1226,4
1226,3
1226,2
1226,1
1226,0
1225,4
1225,3
1225,2
1225,1
1225,0
1224,4
1224,3
1224,2
1224,1
1224,0
1223,3
1223,2
1223,1
1223,0
1222,4
1222,3
1222,2
1222,1
1222,0
1221,3
1221,2
1221,1
1221,0
1220,3
1220,2
1220,1
1220,0
1219,5
1219,4
1219,3
1219,2
1219,1
1219,0
1218,3
1218,2
1218,1
1218,0
1217,4
1217,3
1217,2
1217,1
1217,0
1216,3
1216,2
1216,1
1216,0
1215,4
1215,3
1215,2
1215,1
1215,0
1214,3
1214,2
1214,1
1214,0
1213,4
1213,3
1213,2
1213,1
1213,0
1212,3
1212,2
1212,1
1212,0
1211,4
1211,3
1211,2
1211,1
1211,0
1210,4
1210,3
1210,2
1210,1
1210,0
1209,4
1209,3
1209,2
1209,1
1209,0
1208,6
1208,5
1208,4
1208,3
1208,2
1208,1
1208,0
1207,6
1207,5
1207,4
1207,3
1207,2
1207,1
1207,0
1206,6
1206,5
1206,4
1206,3
1206,2
1206,1
1206,0
1205,4
1205,3
1205,2
1205,1
1205,0
1204,3
1204,2
1204,1
1204,0
1203,3
1203,2
1203,1
1203,0
1202,4
1202,3
1202,2
1202,1
1202,0
1201,4
1201,3
1201,2
1201,1
1201,0
1200,4
1200,3
1200,2
1200,1
1200,0
1199,4
1199,3
1199,2
1199,1
1199,0
1198,4
1198,3
1198,2
1198,1
1198,0
1197,4
1197,3
1197,2
1197,1
1197,0
1196,4
1196,3
1196,2
1196,1
1196,0
1195,3
1195,2
1195,1
1195,0
1194,4
1194,3
1194,2
1194,1
1194,0
1193,3
1193,2
1193,1
1193,0
1192,3
1192,2
1192,1
1192,0
1191,5
1191,4
1191,3
1191,2
1191,1
1191,0
1190,3
1190,2
1190,1
1190,0
1189,4
1189,3
1189,2
1189,1
1189,0
1188,3
1188,2
1188,1
1188,0
1187,4
1187,3
1187,2
1187,1
1187,0
1186,3
1186,2
1186,1
1186,0
1185,4
1185,3
1185,2
1185,1
1185,0
1184,3
1184,2
1184,1
1184,0
1183,4
1183,3
1183,2
1183,1
1183,0
1182,4
1182,3
1182,2
1182,1
1182,0
1181,4
1181,3
1181,2
1181,1
1181,0
1180,6
1180,5
1180,4
1180,3
1180,2
1180,1
1180,0
1179,6
1179,5
1179,4
1179,3
1179,2
1179,1
1179,0
1178,6
1178,5
1178,4
1178,3
1178,2
1178,1
1178,0
1177,4
1177,3
1177,2
1177,1
1177,0
1176,3
1176,2
1176,1
1176,0
1175,3
1175,2
1175,1
1175,0
1174,4
1174,3
1174,2
1174,1
1174,0
1173,4
1173,3
1173,2
1173,1
1173,0
1172,4
1172,3
1172,2
1172,1
1172,0
1171,4
1171,3
1171,2
1171,1
1171,0
1170,4
1170,3
1170,2
1170,1
1170,0
1169,4
1169,3
1169,2
1169,1
1169,0
1168,4
1168,3
1168,2
1168,1
1168,0
1167,3
1167,2
1167,1
1167,0
1166,4
1166,3
1166,2
1166,1
1166,0
1165,3
1165,2
1165,1
1165,0
1164,3
1164,2
1164,1
1164,0
1163,5
1163,4
1163,3
1163,2
1163,1
1163,0
1162,3
1162,2
1162,1
1162,0
1161,4
1161,3
1161,2
1161,1
1161,0
1160,3
1160,2
1160,1
1160,0
1159,4
1159,3
1159,2
1159,1
1159,0
1158,3
1158,2
1158,1
1158,0
1157,4
1157,3
1157,2
1157,1
1157,0
1156,3
1156,2
1156,1
1156,0
1155,4
1155,3
1155,2
1155,1
1155,0
1154,4
1154,3
1154,2
1154,1
1154,0
1153,4
1153,3
1153,2
1153,1
1153,0
1152,6
1152,5
1152,4
1152,3
1152,2
1152,1
1152,0
1151,6
1151,5
1151,4
1151,3
1151,2
1151,1
1151,0
1150,6
1150,5
1150,4
1150,3
1150,2
1150,1
1150,0
1149,4
1149,3
1149,2
1149,1
1149,0
1148,3
1148,2
1148,1
1148,0
1147,3
1147,2
1147,1
1147,0
1146,4
1146,3
1146,2
1146,1
1146,0
1145,4
1145,3
1145,2
1145,1
1145,0
1144,4
1144,3
1144,2
1144,1
1144,0
1143,4
1143,3
1143,2
1143,1
1143,0
1142,4
1142,3
1142,2
1142,1
1142,0
1141,4
1141,3
1141,2
1141,1
1141,0
1140,4
1140,3
1140,2
1140,1
1140,0
1139,3
1139,2
1139,1
1139,0
1138,4
1138,3
1138,2
1138,1
1138,0
1137,3
1137,2
1137,1
1137,0
1136,3
1136,2
1136,1
1136,0
1135,5
1135,4
1135,3
1135,2
1135,1
1135,0
1134,3
1134,2
1134,1
1134,0
1133,4
1133,3
1133,2
1133,1
1133,0
1132,3
1132,2
1132,1
1132,0
1131,4
1131,3
1131,2
1131,1
1131,0
1130,3
1130,2
1130,1
1130,0
1129,4
1129,3
1129,2
1129,1
1129,0
1128,3
1128,2
1128,1
1128,0
1127,4
1127,3
1127,2
1127,1
1127,0
1126,4
1126,3
1126,2
1126,1
1126,0
1125,4
1125,3
1125,2
1125,1
1125,0
1124,6
1124,5
1124,4
1124,3
1124,2
1124,1
1124,0
1123,6
1123,5
1123,4
1123,3
1123,2
1123,1
1123,0
1122,6
1122,5
1122,4
1122,3
1122,2
1122,1
1122,0
1121,4
1121,3
1121,2
1121,1
1121,0
1120,3
1120,2
1120,1
1120,0
1119,3
1119,2
1119,1
1119,0
1118,4
1118,3
1118,2
1118,1
1118,0
1117,4
1117,3
1117,2
1117,1
1117,0
1116,4
1116,3
1116,2
1116,1
1116,0
1115,4
1115,3
1115,2
1115,1
1115,0
1114,4
1114,3
1114,2
1114,1
1114,0
1113,4
1113,3
1113,2
1113,1
1113,0
1112,4
1112,3
1112,2
1112,1
1112,0
1111,3
1111,2
1111,1
1111,0
1110,4
1110,3
1110,2
1110,1
1110,0
1109,3
1109,2
1109,1
1109,0
1108,3
1108,2
1108,1
1108,0
1107,5
1107,4
1107,3
1107,2
1107,1
1107,0
1106,3
1106,2
1106,1
1106,0
1105,4
1105,3
1105,2
1105,1
1105,0
1104,3
1104,2
1104,1
1104,0
1103,4
1103,3
1103,2
1103,1
1103,0
1102,3
1102,2
1102,1
1102,0
1101,4
1101,3
1101,2
1101,1
1101,0
1100,3
1100,2
1100,1
1100,0
1099,4
1099,3
1099,2
1099,1
1099,0
1098,4
1098,3
1098,2
1098,1
1098,0
1097,4
1097,3
1097,2
1097,1
1097,0
1096,6
1096,5
1096,4
1096,3
1096,2
1096,1
1096,0
1095,6
1095,5
1095,4
1095,3
1095,2
1095,1
1095,0
1094,6
1094,5
1094,4
1094,3
1094,2
1094,1
1094,0
1093,4
1093,3
1093,2
1093,1
1093,0
1092,3
1092,2
1092,1
1092,0
1091,3
1091,2
1091,1
1091,0
1090,4
1090,3
1090,2
1090,1
1090,0
1089,4
1089,3
1089,2
1089,1
1089,0
1088,4
1088,3
1088,2
1088,1
1088,0
1087,4
1087,3
1087,2
1087,1
1087,0
1086,4
1086,3
1086,2
1086,1
1086,0
1085,4
1085,3
1085,2
1085,1
1085,0
1084,4
1084,3
1084,2
1084,1
1084,0
1083,3
1083,2
1083,1
1083,0
1082,4
1082,3
1082,2
1082,1
1082,0
1081,3
1081,2
1081,1
1081,0
1080,3
1080,2
1080,1
1080,0
1079,5
1079,4
1079,3
1079,2
1079,1
1079,0
1078,3
1078,2
1078,1
1078,0
1077,4
1077,3
1077,2
1077,1
1077,0
1076,3
1076,2
1076,1
1076,0
1075,4
1075,3
1075,2
1075,1
1075,0
1074,3
1074,2
1074,1
1074,0
1073,4
1073,3
1073,2
1073,1
1073,0
1072,3
1072,2
1072,1
1072,0
1071,4
1071,3
1071,2
1071,1
1071,0
1070,4
1070,3
1070,2
1070,1
1070,0
1069,4
1069,3
1069,2
1069,1
1069,0
1068,6
1068,5
1068,4
1068,3
1068,2
1068,1
1068,0
1067,6
1067,5
1067,4
1067,3
1067,2
1067,1
1067,0
1066,6
1066,5
1066,4
1066,3
1066,2
1066,1
1066,0
1065,4
1065,3
1065,2
1065,1
1065,0
1064,3
1064,2
1064,1
1064,0
1063,3
1063,2
1063,1
1063,0
1062,4
1062,3
1062,2
1062,1
1062,0
1061,4
1061,3
1061,2
1061,1
1061,0
1060,4
1060,3
1060,2
1060,1
1060,0
1059,4
1059,3
1059,2
1059,1
1059,0
1058,4
1058,3
1058,2
1058,1
1058,0
1057,4
1057,3
1057,2
1057,1
1057,0
1056,4
1056,3
1056,2
1056,1
1056,0
1055,3
1055,2
1055,1
1055,0
1054,4
1054,3
1054,2
1054,1
1054,0
1053,3
1053,2
1053,1
1053,0
1052,3
1052,2
1052,1
1052,0
1051,5
1051,4
1051,3
1051,2
1051,1
1051,0
1050,3
1050,2
1050,1
1050,0
1049,4
1049,3
1049,2
1049,1
1049,0
1048,3
1048,2
1048,1
1048,0
1047,4
1047,3
1047,2
1047,1
1047,0
1046,3
1046,2
1046,1
1046,0
1045,4
1045,3
1045,2
1045,1
1045,0
1044,3
1044,2
1044,1
1044,0
1043,4
1043,3
1043,2
1043,1
1043,0
1042,4
1042,3
1042,2
1042,1
1042,0
1041,4
1041,3
1041,2
1041,1
1041,0
1040,6
1040,5
1040,4
1040,3
1040,2
1040,1
1040,0
1039,6
1039,5
1039,4
1039,3
1039,2
1039,1
1039,0
1038,6
1038,5
1038,4
1038,3
1038,2
1038,1
1038,0
1037,4
1037,3
1037,2
1037,1
1037,0
1036,3
1036,2
1036,1
1036,0
1035,3
1035,2
1035,1
1035,0
1034,4
1034,3
1034,2
1034,1
1034,0
1033,4
1033,3
1033,2
1033,1
1033,0
1032,4
1032,3
1032,2
1032,1
1032,0
1031,4
1031,3
1031,2
1031,1
1031,0
1030,4
1030,3
1030,2
1030,1
1030,0
1029,4
1029,3
1029,2
1029,1
1029,0
1028,4
1028,3
1028,2
1028,1
1028,0
1027,3
1027,2
1027,1
1027,0
1026,4
1026,3
1026,2
1026,1
1026,0
1025,3
1025,2
1025,1
1025,0
1024,3
1024,2
1024,1
1024,0
1023,5
1023,4
1023,3
1023,2
1023,1
1023,0
1022,3
1022,2
1022,1
1022,0
1021,4
1021,3
1021,2
1021,1
1021,0
1020,3
1020,2
1020,1
1020,0
1019,4
1019,3
1019,2
1019,1
1019,0
1018,3
1018,2
1018,1
1018,0
1017,4
1017,3
1017,2
1017,1
1017,0
1016,3
1016,2
1016,1
1016,0
1015,4
1015,3
1015,2
1015,1
1015,0
1014,4
1014,3
1014,2
1014,1
1014,0
1013,4
1013,3
1013,2
1013,1
1013,0
1012,6
1012,5
1012,4
1012,3
1012,2
1012,1
1012,0
1011,6
1011,5
1011,4
1011,3
1011,2
1011,1
1011,0
1010,6
1010,5
1010,4
1010,3
1010,2
1010,1
1010,0
1009,4
1009,3
1009,2
1009,1
1009,0
1008,3
1008,2
1008,1
1008,0
1007,3
1007,2
1007,1
1007,0
1006,4
1006,3
1006,2
1006,1
1006,0
1005,4
1005,3
1005,2
1005,1
1005,0
1004,4
1004,3
1004,2
1004,1
1004,0
1003,4
1003,3
1003,2
1003,1
1003,0
1002,4
1002,3
1002,2
1002,1
1002,0
1001,4
1001,3
1001,2
1001,1
1001,0
1000,4
1000,3
1000,2
1000,1
1000,0
999,3
999,2
999,1
999,0
998,4
998,3
998,2
998,1
998,0
997,3
997,2
997,1
997,0
996,3
996,2
996,1
996,0
995,5
995,4
995,3
995,2
995,1
995,0
994,3
994,2
994,1
994,0
993,4
993,3
993,2
993,1
993,0
992,3
992,2
992,1
992,0
991,4
991,3
991,2
991,1
991,0
990,3
990,2
990,1
990,0
989,4
989,3
989,2
989,1
989,0
988,3
988,2
988,1
988,0
987,4
987,3
987,2
987,1
987,0
986,4
986,3
986,2
986,1
986,0
985,4
985,3
985,2
985,1
985,0
984,6
984,5
984,4
984,3
984,2
984,1
984,0
983,6
983,5
983,4
983,3
983,2
983,1
983,0
982,6
982,5
982,4
982,3
982,2
982,1
982,0
981,4
981,3
981,2
981,1
981,0
980,3
980,2
980,1
980,0
979,3
979,2
979,1
979,0
978,4
978,3
978,2
978,1
978,0
977,4
977,3
977,2
977,1
977,0
976,4
976,3
976,2
976,1
976,0
975,4
975,3
975,2
975,1
975,0
974,4
974,3
974,2
974,1
974,0
973,4
973,3
973,2
973,1
973,0
972,4
972,3
972,2
972,1
972,0
971,3
971,2
971,1
971,0
970,4
970,3
970,2
970,1
970,0
969,3
969,2
969,1
969,0
968,3
968,2
968,1
968,0
967,5
967,4
967,3
967,2
967,1
967,0
966,3
966,2
966,1
966,0
965,4
965,3
965,2
965,1
965,0
964,3
964,2
964,1
964,0
963,4
963,3
963,2
963,1
963,0
962,3
962,2
962,1
962,0
961,4
961,3
961,2
961,1
961,0
960,3
960,2
960,1
960,0
959,4
959,3
959,2
959,1
959,0
958,4
958,3
958,2
958,1
958,0
957,4
957,3
957,2
957,1
957,0
956,6
956,5
956,4
956,3
956,2
956,1
956,0
955,6
955,5
955,4
955,3
955,2
955,1
955,0
954,6
954,5
954,4
954,3
954,2
954,1
954,0
953,4
953,3
953,2
953,1
953,0
952,3
952,2
952,1
952,0
951,3
951,2
951,1
951,0
950,4
950,3
950,2
950,1
950,0
949,4
949,3
949,2
949,1
949,0
948,4
948,3
948,2
948,1
948,0
947,4
947,3
947,2
947,1
947,0
946,4
946,3
946,2
946,1
946,0
945,4
945,3
945,2
945,1
945,0
944,4
944,3
944,2
944,1
944,0
943,3
943,2
943,1
943,0
942,4
942,3
942,2
942,1
942,0
941,3
941,2
941,1
941,0
940,3
940,2
940,1
940,0
939,5
939,4
939,3
939,2
939,1
939,0
938,3
938,2
938,1
938,0
937,4
937,3
937,2
937,1
937,0
936,3
936,2
936,1
936,0
935,4
935,3
935,2
935,1
935,0
934,3
934,2
934,1
934,0
933,4
933,3
933,2
933,1
933,0
932,3
932,2
932,1
932,0
931,4
931,3
931,2
931,1
931,0
930,4
930,3
930,2
930,1
930,0
929,4
929,3
929,2
929,1
929,0
928,6
928,5
928,4
928,3
928,2
928,1
928,0
927,6
927,5
927,4
927,3
927,2
927,1
927,0
926,6
926,5
926,4
926,3
926,2
926,1
926,0
925,4
925,3
925,2
925,1
925,0
924,3
924,2
924,1
924,0
923,3
923,2
923,1
923,0
922,4
922,3
922,2
922,1
922,0
921,4
921,3
921,2
921,1
921,0
920,4
920,3
920,2
920,1
920,0
919,4
919,3
919,2
919,1
919,0
918,4
918,3
918,2
918,1
918,0
917,4
917,3
917,2
917,1
917,0
916,4
916,3
916,2
916,1
916,0
915,3
915,2
915,1
915,0
914,4
914,3
914,2
914,1
914,0
913,3
913,2
913,1
913,0
912,3
912,2
912,1
912,0
911,5
911,4
911,3
911,2
911,1
911,0
910,3
910,2
910,1
910,0
909,4
909,3
909,2
909,1
909,0
908,3
908,2
908,1
908,0
907,4
907,3
907,2
907,1
907,0
906,3
906,2
906,1
906,0
905,4
905,3
905,2
905,1
905,0
904,3
904,2
904,1
904,0
903,4
903,3
903,2
903,1
903,0
902,4
902,3
902,2
902,1
902,0
901,4
901,3
901,2
901,1
901,0
900,6
900,5
900,4
900,3
900,2
900,1
900,0
899,6
899,5
899,4
899,3
899,2
899,1
899,0
898,6
898,5
898,4
898,3
898,2
898,1
898,0
897,4
897,3
897,2
897,1
897,0
896,3
896,2
896,1
896,0
895,3
895,2
895,1
895,0
894,4
894,3
894,2
894,1
894,0
893,4
893,3
893,2
893,1
893,0
892,4
892,3
892,2
892,1
892,0
891,4
891,3
891,2
891,1
891,0
890,4
890,3
890,2
890,1
890,0
889,4
889,3
889,2
889,1
889,0
888,4
888,3
888,2
888,1
888,0
887,3
887,2
887,1
887,0
886,4
886,3
886,2
886,1
886,0
885,3
885,2
885,1
885,0
884,3
884,2
884,1
884,0
883,5
883,4
883,3
883,2
883,1
883,0
882,3
882,2
882,1
882,0
881,4
881,3
881,2
881,1
881,0
880,3
880,2
880,1
880,0
879,4
879,3
879,2
879,1
879,0
878,3
878,2
878,1
878,0
877,4
877,3
877,2
877,1
877,0
876,3
876,2
876,1
876,0
875,4
875,3
875,2
875,1
875,0
874,4
874,3
874,2
874,1
874,0
873,4
873,3
873,2
873,1
873,0
872,6
872,5
872,4
872,3
872,2
872,1
872,0
871,6
871,5
871,4
871,3
871,2
871,1
871,0
870,6
870,5
870,4
870,3
870,2
870,1
870,0
869,4
869,3
869,2
869,1
869,0
868,3
868,2
868,1
868,0
867,3
867,2
867,1
867,0
866,4
866,3
866,2
866,1
866,0
865,4
865,3
865,2
865,1
865,0
864,4
864,3
864,2
864,1
864,0
863,4
863,3
863,2
863,1
863,0
862,4
862,3
862,2
862,1
862,0
861,4
861,3
861,2
861,1
861,0
860,4
860,3
860,2
860,1
860,0
859,3
859,2
859,1
859,0
858,4
858,3
858,2
858,1
858,0
857,3
857,2
857,1
857,0
856,3
856,2
856,1
856,0
855,5
855,4
855,3
855,2
855,1
855,0
854,3
854,2
854,1
854,0
853,4
853,3
853,2
853,1
853,0
852,3
852,2
852,1
852,0
851,4
851,3
851,2
851,1
851,0
850,3
850,2
850,1
850,0
849,4
849,3
849,2
849,1
849,0
848,3
848,2
848,1
848,0
847,4
847,3
847,2
847,1
847,0
846,4
846,3
846,2
846,1
846,0
845,4
845,3
845,2
845,1
845,0
844,6
844,5
844,4
844,3
844,2
844,1
844,0
843,6
843,5
843,4
843,3
843,2
843,1
843,0
842,6
842,5
842,4
842,3
842,2
842,1
842,0
841,4
841,3
841,2
841,1
841,0
840,3
840,2
840,1
840,0
839,3
839,2
839,1
839,0
838,4
838,3
838,2
838,1
838,0
837,4
837,3
837,2
837,1
837,0
836,4
836,3
836,2
836,1
836,0
835,4
835,3
835,2
835,1
835,0
834,4
834,3
834,2
834,1
834,0
833,4
833,3
833,2
833,1
833,0
832,4
832,3
832,2
832,1
832,0
831,3
831,2
831,1
831,0
830,4
830,3
830,2
830,1
830,0
829,3
829,2
829,1
829,0
828,3
828,2
828,1
828,0
827,5
827,4
827,3
827,2
827,1
827,0
826,3
826,2
826,1
826,0
825,4
825,3
825,2
825,1
825,0
824,3
824,2
824,1
824,0
823,4
823,3
823,2
823,1
823,0
822,3
822,2
822,1
822,0
821,4
821,3
821,2
821,1
821,0
820,3
820,2
820,1
820,0
819,4
819,3
819,2
819,1
819,0
818,4
818,3
818,2
818,1
818,0
817,4
817,3
817,2
817,1
817,0
816,6
816,5
816,4
816,3
816,2
816,1
816,0
815,6
815,5
815,4
815,3
815,2
815,1
815,0
814,6
814,5
814,4
814,3
814,2
814,1
814,0
813,4
813,3
813,2
813,1
813,0
812,3
812,2
812,1
812,0
811,3
811,2
811,1
811,0
810,4
810,3
810,2
810,1
810,0
809,4
809,3
809,2
809,1
809,0
808,4
808,3
808,2
808,1
808,0
807,4
807,3
807,2
807,1
807,0
806,4
806,3
806,2
806,1
806,0
805,4
805,3
805,2
805,1
805,0
804,4
804,3
804,2
804,1
804,0
803,3
803,2
803,1
803,0
802,4
802,3
802,2
802,1
802,0
801,3
801,2
801,1
801,0
800,3
800,2
800,1
800,0
799,5
799,4
799,3
799,2
799,1
799,0
798,3
798,2
798,1
798,0
797,4
797,3
797,2
797,1
797,0
796,3
796,2
796,1
796,0
795,4
795,3
795,2
795,1
795,0
794,3
794,2
794,1
794,0
793,4
793,3
793,2
793,1
793,0
792,3
792,2
792,1
792,0
791,4
791,3
791,2
791,1
791,0
790,4
790,3
790,2
790,1
790,0
789,4
789,3
789,2
789,1
789,0
788,6
788,5
788,4
788,3
788,2
788,1
788,0
787,6
787,5
787,4
787,3
787,2
787,1
787,0
786,6
786,5
786,4
786,3
786,2
786,1
786,0
785,4
785,3
785,2
785,1
785,0
784,3
784,2
784,1
784,0
783,3
783,2
783,1
783,0
782,4
782,3
782,2
782,1
782,0
781,4
781,3
781,2
781,1
781,0
780,4
780,3
780,2
780,1
780,0
779,4
779,3
779,2
779,1
779,0
778,4
778,3
778,2
778,1
778,0
777,4
777,3
777,2
777,1
777,0
776,4
776,3
776,2
776,1
776,0
775,3
775,2
775,1
775,0
774,4
774,3
774,2
774,1
774,0
773,3
773,2
773,1
773,0
772,3
772,2
772,1
772,0
771,5
771,4
771,3
771,2
771,1
771,0
770,3
770,2
770,1
770,0
769,4
769,3
769,2
769,1
769,0
768,3
768,2
768,1
768,0
767,4
767,3
767,2
767,1
767,0
766,3
766,2
766,1
766,0
765,4
765,3
765,2
765,1
765,0
764,3
764,2
764,1
764,0
763,4
763,3
763,2
763,1
763,0
762,4
762,3
762,2
762,1
762,0
761,4
761,3
761,2
761,1
761,0
760,6
760,5
760,4
760,3
760,2
760,1
760,0
759,6
759,5
759,4
759,3
759,2
759,1
759,0
758,6
758,5
758,4
758,3
758,2
758,1
758,0
757,4
757,3
757,2
757,1
757,0
756,3
756,2
756,1
756,0
755,3
755,2
755,1
755,0
754,4
754,3
754,2
754,1
754,0
753,4
753,3
753,2
753,1
753,0
752,4
752,3
752,2
752,1
752,0
751,4
751,3
751,2
751,1
751,0
750,4
750,3
750,2
750,1
750,0
749,4
749,3
749,2
749,1
749,0
748,4
748,3
748,2
748,1
748,0
747,3
747,2
747,1
747,0
746,4
746,3
746,2
746,1
746,0
745,3
745,2
745,1
745,0
744,3
744,2
744,1
744,0
743,5
743,4
743,3
743,2
743,1
743,0
742,3
742,2
742,1
742,0
741,4
741,3
741,2
741,1
741,0
740,3
740,2
740,1
740,0
739,4
739,3
739,2
739,1
739,0
738,3
738,2
738,1
738,0
737,4
737,3
737,2
737,1
737,0
736,3
736,2
736,1
736,0
735,4
735,3
735,2
735,1
735,0
734,4
734,3
734,2
734,1
734,0
733,4
733,3
733,2
733,1
733,0
732,6
732,5
732,4
732,3
732,2
732,1
732,0
731,6
731,5
731,4
731,3
731,2
731,1
731,0
730,6
730,5
730,4
730,3
730,2
730,1
730,0
729,4
729,3
729,2
729,1
729,0
728,3
728,2
728,1
728,0
727,3
727,2
727,1
727,0
726,4
726,3
726,2
726,1
726,0
725,4
725,3
725,2
725,1
725,0
724,4
724,3
724,2
724,1
724,0
723,4
723,3
723,2
723,1
723,0
722,4
722,3
722,2
722,1
722,0
721,4
721,3
721,2
721,1
721,0
720,4
720,3
720,2
720,1
720,0
719,3
719,2
719,1
719,0
718,4
718,3
718,2
718,1
718,0
717,3
717,2
717,1
717,0
716,3
716,2
716,1
716,0
715,5
715,4
715,3
715,2
715,1
715,0
714,3
714,2
714,1
714,0
713,4
713,3
713,2
713,1
713,0
712,3
712,2
712,1
712,0
711,4
711,3
711,2
711,1
711,0
710,3
710,2
710,1
710,0
709,4
709,3
709,2
709,1
709,0
708,3
708,2
708,1
708,0
707,4
707,3
707,2
707,1
707,0
706,4
706,3
706,2
706,1
706,0
705,4
705,3
705,2
705,1
705,0
704,6
704,5
704,4
704,3
704,2
704,1
704,0
703,6
703,5
703,4
703,3
703,2
703,1
703,0
702,6
702,5
702,4
702,3
702,2
702,1
702,0
701,4
701,3
701,2
701,1
701,0
700,3
700,2
700,1
700,0
699,3
699,2
699,1
699,0
698,4
698,3
698,2
698,1
698,0
697,4
697,3
697,2
697,1
697,0
696,4
696,3
696,2
696,1
696,0
695,4
695,3
695,2
695,1
695,0
694,4
694,3
694,2
694,1
694,0
693,4
693,3
693,2
693,1
693,0
692,4
692,3
692,2
692,1
692,0
691,3
691,2
691,1
691,0
690,4
690,3
690,2
690,1
690,0
689,3
689,2
689,1
689,0
688,3
688,2
688,1
688,0
687,5
687,4
687,3
687,2
687,1
687,0
686,3
686,2
686,1
686,0
685,4
685,3
685,2
685,1
685,0
684,3
684,2
684,1
684,0
683,4
683,3
683,2
683,1
683,0
682,3
682,2
682,1
682,0
681,4
681,3
681,2
681,1
681,0
680,3
680,2
680,1
680,0
679,4
679,3
679,2
679,1
679,0
678,4
678,3
678,2
678,1
678,0
677,4
677,3
677,2
677,1
677,0
676,6
676,5
676,4
676,3
676,2
676,1
676,0
675,6
675,5
675,4
675,3
675,2
675,1
675,0
674,6
674,5
674,4
674,3
674,2
674,1
674,0
673,4
673,3
673,2
673,1
673,0
672,3
672,2
672,1
672,0
671,3
671,2
671,1
671,0
670,4
670,3
670,2
670,1
670,0
669,4
669,3
669,2
669,1
669,0
668,4
668,3
668,2
668,1
668,0
667,4
667,3
667,2
667,1
667,0
666,4
666,3
666,2
666,1
666,0
665,4
665,3
665,2
665,1
665,0
664,4
664,3
664,2
664,1
664,0
663,3
663,2
663,1
663,0
662,4
662,3
662,2
662,1
662,0
661,3
661,2
661,1
661,0
660,3
660,2
660,1
660,0
659,5
659,4
659,3
659,2
659,1
659,0
658,3
658,2
658,1
658,0
657,4
657,3
657,2
657,1
657,0
656,3
656,2
656,1
656,0
655,4
655,3
655,2
655,1
655,0
654,3
654,2
654,1
654,0
653,4
653,3
653,2
653,1
653,0
652,3
652,2
652,1
652,0
651,4
651,3
651,2
651,1
651,0
650,4
650,3
650,2
650,1
650,0
649,4
649,3
649,2
649,1
649,0
648,6
648,5
648,4
648,3
648,2
648,1
648,0
647,6
647,5
647,4
647,3
647,2
647,1
647,0
646,6
646,5
646,4
646,3
646,2
646,1
646,0
645,4
645,3
645,2
645,1
645,0
644,3
644,2
644,1
644,0
643,3
643,2
643,1
643,0
642,4
642,3
642,2
642,1
642,0
641,4
641,3
641,2
641,1
641,0
640,4
640,3
640,2
640,1
640,0
639,4
639,3
639,2
639,1
639,0
638,4
638,3
638,2
638,1
638,0
637,4
637,3
637,2
637,1
637,0
636,4
636,3
636,2
636,1
636,0
635,3
635,2
635,1
635,0
634,4
634,3
634,2
634,1
634,0
633,3
633,2
633,1
633,0
632,3
632,2
632,1
632,0
631,5
631,4
631,3
631,2
631,1
631,0
630,3
630,2
630,1
630,0
629,4
629,3
629,2
629,1
629,0
628,3
628,2
628,1
628,0
627,4
627,3
627,2
627,1
627,0
626,3
626,2
626,1
626,0
625,4
625,3
625,2
625,1
625,0
624,3
624,2
624,1
624,0
623,4
623,3
623,2
623,1
623,0
622,4
622,3
622,2
622,1
622,0
621,4
621,3
621,2
621,1
621,0
620,6
620,5
620,4
620,3
620,2
620,1
620,0
619,6
619,5
619,4
619,3
619,2
619,1
619,0
618,6
618,5
618,4
618,3
618,2
618,1
618,0
617,4
617,3
617,2
617,1
617,0
616,3
616,2
616,1
616,0
615,3
615,2
615,1
615,0
614,4
614,3
614,2
614,1
614,0
613,4
613,3
613,2
613,1
613,0
612,4
612,3
612,2
612,1
612,0
611,4
611,3
611,2
611,1
611,0
610,4
610,3
610,2
610,1
610,0
609,4
609,3
609,2
609,1
609,0
608,4
608,3
608,2
608,1
608,0
607,3
607,2
607,1
607,0
606,4
606,3
606,2
606,1
606,0
605,3
605,2
605,1
605,0
604,3
604,2
604,1
604,0
603,5
603,4
603,3
603,2
603,1
603,0
602,3
602,2
602,1
602,0
601,4
601,3
601,2
601,1
601,0
600,3
600,2
600,1
600,0
599,4
599,3
599,2
599,1
599,0
598,3
598,2
598,1
598,0
597,4
597,3
597,2
597,1
597,0
596,3
596,2
596,1
596,0
595,4
595,3
595,2
595,1
595,0
594,4
594,3
594,2
594,1
594,0
593,4
593,3
593,2
593,1
593,0
592,6
592,5
592,4
592,3
592,2
592,1
592,0
591,6
591,5
591,4
591,3
591,2
591,1
591,0
590,6
590,5
590,4
590,3
590,2
590,1
590,0
589,4
589,3
589,2
589,1
589,0
588,3
588,2
588,1
588,0
587,3
587,2
587,1
587,0
586,4
586,3
586,2
586,1
586,0
585,4
585,3
585,2
585,1
585,0
584,4
584,3
584,2
584,1
584,0
583,4
583,3
583,2
583,1
583,0
582,4
582,3
582,2
582,1
582,0
581,4
581,3
581,2
581,1
581,0
580,4
580,3
580,2
580,1
580,0
579,3
579,2
579,1
579,0
578,4
578,3
578,2
578,1
578,0
577,3
577,2
577,1
577,0
576,3
576,2
576,1
576,0
575,5
575,4
575,3
575,2
575,1
575,0
574,3
574,2
574,1
574,0
573,4
573,3
573,2
573,1
573,0
572,3
572,2
572,1
572,0
571,4
571,3
571,2
571,1
571,0
570,3
570,2
570,1
570,0
569,4
569,3
569,2
569,1
569,0
568,3
568,2
568,1
568,0
567,4
567,3
567,2
567,1
567,0
566,4
566,3
566,2
566,1
566,0
565,4
565,3
565,2
565,1
565,0
564,6
564,5
564,4
564,3
564,2
564,1
564,0
563,6
563,5
563,4
563,3
563,2
563,1
563,0
562,6
562,5
562,4
562,3
562,2
562,1
562,0
561,4
561,3
561,2
561,1
561,0
560,3
560,2
560,1
560,0
559,3
559,2
559,1
559,0
558,4
558,3
558,2
558,1
558,0
557,4
557,3
557,2
557,1
557,0
556,4
556,3
556,2
556,1
556,0
555,4
555,3
555,2
555,1
555,0
554,4
554,3
554,2
554,1
554,0
553,4
553,3
553,2
553,1
553,0
552,4
552,3
552,2
552,1
552,0
551,3
551,2
551,1
551,0
550,4
550,3
550,2
550,1
550,0
549,3
549,2
549,1
549,0
548,3
548,2
548,1
548,0
547,5
547,4
547,3
547,2
547,1
547,0
546,3
546,2
546,1
546,0
545,4
545,3
545,2
545,1
545,0
544,3
544,2
544,1
544,0
543,4
543,3
543,2
543,1
543,0
542,3
542,2
542,1
542,0
541,4
541,3
541,2
541,1
541,0
540,3
540,2
540,1
540,0
539,4
539,3
539,2
539,1
539,0
538,4
538,3
538,2
538,1
538,0
537,4
537,3
537,2
537,1
537,0
536,6
536,5
536,4
536,3
536,2
536,1
536,0
535,6
535,5
535,4
535,3
535,2
535,1
535,0
534,6
534,5
534,4
534,3
534,2
534,1
534,0
533,4
533,3
533,2
533,1
533,0
532,3
532,2
532,1
532,0
531,3
531,2
531,1
531,0
530,4
530,3
530,2
530,1
530,0
529,4
529,3
529,2
529,1
529,0
528,4
528,3
528,2
528,1
528,0
527,4
527,3
527,2
527,1
527,0
526,4
526,3
526,2
526,1
526,0
525,4
525,3
525,2
525,1
525,0
524,4
524,3
524,2
524,1
524,0
523,3
523,2
523,1
523,0
522,4
522,3
522,2
522,1
522,0
521,3
521,2
521,1
521,0
520,3
520,2
520,1
520,0
519,5
519,4
519,3
519,2
519,1
519,0
518,3
518,2
518,1
518,0
517,4
517,3
517,2
517,1
517,0
516,3
516,2
516,1
516,0
515,4
515,3
515,2
515,1
515,0
514,3
514,2
514,1
514,0
513,4
513,3
513,2
513,1
513,0
512,3
512,2
512,1
512,0
511,4
511,3
511,2
511,1
511,0
510,4
510,3
510,2
510,1
510,0
509,4
509,3
509,2
509,1
509,0
508,6
508,5
508,4
508,3
508,2
508,1
508,0
507,6
507,5
507,4
507,3
507,2
507,1
507,0
506,6
506,5
506,4
506,3
506,2
506,1
506,0
505,4
505,3
505,2
505,1
505,0
504,3
504,2
504,1
504,0
503,3
503,2
503,1
503,0
502,4
502,3
502,2
502,1
502,0
501,4
501,3
501,2
501,1
501,0
500,4
500,3
500,2
500,1
500,0
499,4
499,3
499,2
499,1
499,0
498,4
498,3
498,2
498,1
498,0
497,4
497,3
497,2
497,1
497,0
496,4
496,3
496,2
496,1
496,0
495,3
495,2
495,1
495,0
494,4
494,3
494,2
494,1
494,0
493,3
493,2
493,1
493,0
492,3
492,2
492,1
492,0
491,5
491,4
491,3
491,2
491,1
491,0
490,3
490,2
490,1
490,0
489,4
489,3
489,2
489,1
489,0
488,3
488,2
488,1
488,0
487,4
487,3
487,2
487,1
487,0
486,3
486,2
486,1
486,0
485,4
485,3
485,2
485,1
485,0
484,3
484,2
484,1
484,0
483,4
483,3
483,2
483,1
483,0
482,4
482,3
482,2
482,1
482,0
481,4
481,3
481,2
481,1
481,0
480,6
480,5
480,4
480,3
480,2
480,1
480,0
479,6
479,5
479,4
479,3
479,2
479,1
479,0
478,6
478,5
478,4
478,3
478,2
478,1
478,0
477,4
477,3
477,2
477,1
477,0
476,3
476,2
476,1
476,0
475,3
475,2
475,1
475,0
474,4
474,3
474,2
474,1
474,0
473,4
473,3
473,2
473,1
473,0
472,4
472,3
472,2
472,1
472,0
471,4
471,3
471,2
471,1
471,0
470,4
470,3
470,2
470,1
470,0
469,4
469,3
469,2
469,1
469,0
468,4
468,3
468,2
468,1
468,0
467,3
467,2
467,1
467,0
466,4
466,3
466,2
466,1
466,0
465,3
465,2
465,1
465,0
464,3
464,2
464,1
464,0
463,5
463,4
463,3
463,2
463,1
463,0
462,3
462,2
462,1
462,0
461,4
461,3
461,2
461,1
461,0
460,3
460,2
460,1
460,0
459,4
459,3
459,2
459,1
459,0
458,3
458,2
458,1
458,0
457,4
457,3
457,2
457,1
457,0
456,3
456,2
456,1
456,0
455,4
455,3
455,2
455,1
455,0
454,4
454,3
454,2
454,1
454,0
453,4
453,3
453,2
453,1
453,0
452,6
452,5
452,4
452,3
452,2
452,1
452,0
451,6
451,5
451,4
451,3
451,2
451,1
451,0
450,6
450,5
450,4
450,3
450,2
450,1
450,0
449,4
449,3
449,2
449,1
449,0
448,3
448,2
448,1
448,0
447,3
447,2
447,1
447,0
446,4
446,3
446,2
446,1
446,0
445,4
445,3
445,2
445,1
445,0
444,4
444,3
444,2
444,1
444,0
443,4
443,3
443,2
443,1
443,0
442,4
442,3
442,2
442,1
442,0
441,4
